16
16         0.000000 2.000000 3.000000 4.000000 6.000000 6.000000 10.000000 10.000000 9.000000 8.000000 7.000000 9.000000 9.000000 9.000000 9.000000 7.000000 
13         2.000000 0.000000 3.000000 4.000000 6.000000 6.000000 10.000000 10.000000 9.000000 8.000000 7.000000 9.000000 9.000000 9.000000 9.000000 7.000000 
5          3.000000 3.000000 0.000000 3.000000 5.000000 5.000000 9.000000 9.000000 8.000000 7.000000 6.000000 8.000000 8.000000 8.000000 8.000000 6.000000 
6          4.000000 4.000000 3.000000 0.000000 4.000000 4.000000 8.000000 8.000000 7.000000 6.000000 5.000000 7.000000 7.000000 7.000000 7.000000 5.000000 
10         6.000000 6.000000 5.000000 4.000000 0.000000 2.000000 8.000000 8.000000 7.000000 6.000000 5.000000 7.000000 7.000000 7.000000 7.000000 5.000000 
7          6.000000 6.000000 5.000000 4.000000 2.000000 0.000000 8.000000 8.000000 7.000000 6.000000 5.000000 7.000000 7.000000 7.000000 7.000000 5.000000 
2          10.000000 10.000000 9.000000 8.000000 8.000000 8.000000 0.000000 2.000000 3.000000 4.000000 5.000000 9.000000 9.000000 9.000000 9.000000 7.000000 
11         10.000000 10.000000 9.000000 8.000000 8.000000 8.000000 2.000000 0.000000 3.000000 4.000000 5.000000 9.000000 9.000000 9.000000 9.000000 7.000000 
9          9.000000 9.000000 8.000000 7.000000 7.000000 7.000000 3.000000 3.000000 0.000000 3.000000 4.000000 8.000000 8.000000 8.000000 8.000000 6.000000 
15         8.000000 8.000000 7.000000 6.000000 6.000000 6.000000 4.000000 4.000000 3.000000 0.000000 3.000000 7.000000 7.000000 7.000000 7.000000 5.000000 
3          7.000000 7.000000 6.000000 5.000000 5.000000 5.000000 5.000000 5.000000 4.000000 3.000000 0.000000 6.000000 6.000000 6.000000 6.000000 4.000000 
1          9.000000 9.000000 8.000000 7.000000 7.000000 7.000000 9.000000 9.000000 8.000000 7.000000 6.000000 0.000000 2.000000 4.000000 4.000000 4.000000 
12         9.000000 9.000000 8.000000 7.000000 7.000000 7.000000 9.000000 9.000000 8.000000 7.000000 6.000000 2.000000 0.000000 4.000000 4.000000 4.000000 
14         9.000000 9.000000 8.000000 7.000000 7.000000 7.000000 9.000000 9.000000 8.000000 7.000000 6.000000 4.000000 4.000000 0.000000 2.000000 4.000000 
4          9.000000 9.000000 8.000000 7.000000 7.000000 7.000000 9.000000 9.000000 8.000000 7.000000 6.000000 4.000000 4.000000 2.000000 0.000000 4.000000 
8          7.000000 7.000000 6.000000 5.000000 5.000000 5.000000 7.000000 7.000000 6.000000 5.000000 4.000000 4.000000 4.000000 4.000000 4.000000 0.000000 

16
9          0.000000 12.000000 12.000000 12.000000 12.000000 12.000000 12.000000 12.000000 12.000000 12.000000 12.000000 12.000000 12.000000 12.000000 12.000000 12.000000 
2          12.000000 0.000000 12.000000 12.000000 12.000000 12.000000 12.000000 12.000000 12.000000 12.000000 12.000000 12.000000 12.000000 12.000000 12.000000 12.000000 
1          12.000000 12.000000 0.000000 12.000000 12.000000 12.000000 12.000000 12.000000 12.000000 12.000000 12.000000 12.000000 12.000000 12.000000 12.000000 12.000000 
11         12.000000 12.000000 12.000000 0.000000 12.000000 12.000000 12.000000 12.000000 12.000000 12.000000 12.000000 12.000000 12.000000 12.000000 12.000000 12.000000 
6          12.000000 12.000000 12.000000 12.000000 0.000000 12.000000 12.000000 12.000000 12.000000 12.000000 12.000000 12.000000 12.000000 12.000000 12.000000 12.000000 
12         12.000000 12.000000 12.000000 12.000000 12.000000 0.000000 12.000000 12.000000 12.000000 12.000000 12.000000 12.000000 12.000000 12.000000 12.000000 12.000000 
15         12.000000 12.000000 12.000000 12.000000 12.000000 12.000000 0.000000 12.000000 12.000000 12.000000 12.000000 12.000000 12.000000 12.000000 12.000000 12.000000 
10         12.000000 12.000000 12.000000 12.000000 12.000000 12.000000 12.000000 0.000000 12.000000 12.000000 12.000000 12.000000 12.000000 12.000000 12.000000 12.000000 
16         12.000000 12.000000 12.000000 12.000000 12.000000 12.000000 12.000000 12.000000 0.000000 12.000000 12.000000 12.000000 12.000000 12.000000 12.000000 12.000000 
3          12.000000 12.000000 12.000000 12.000000 12.000000 12.000000 12.000000 12.000000 12.000000 0.000000 12.000000 12.000000 12.000000 12.000000 12.000000 12.000000 
7          12.000000 12.000000 12.000000 12.000000 12.000000 12.000000 12.000000 12.000000 12.000000 12.000000 0.000000 12.000000 12.000000 12.000000 12.000000 12.000000 
13         12.000000 12.000000 12.000000 12.000000 12.000000 12.000000 12.000000 12.000000 12.000000 12.000000 12.000000 0.000000 12.000000 12.000000 12.000000 12.000000 
14         12.000000 12.000000 12.000000 12.000000 12.000000 12.000000 12.000000 12.000000 12.000000 12.000000 12.000000 12.000000 0.000000 12.000000 12.000000 12.000000 
5          12.000000 12.000000 12.000000 12.000000 12.000000 12.000000 12.000000 12.000000 12.000000 12.000000 12.000000 12.000000 12.000000 0.000000 12.000000 12.000000 
4          12.000000 12.000000 12.000000 12.000000 12.000000 12.000000 12.000000 12.000000 12.000000 12.000000 12.000000 12.000000 12.000000 12.000000 0.000000 12.000000 
8          12.000000 12.000000 12.000000 12.000000 12.000000 12.000000 12.000000 12.000000 12.000000 12.000000 12.000000 12.000000 12.000000 12.000000 12.000000 0.000000 

